3316
2204
3209
5329
7170
3315
4684
9952
8246
7151
3997
9486
4520
5732
1040
6021
1193
1678
4852
973
5085
7540
5326
4125
5557
6084
3697
7894
1322
6931
7426
1785
7802
2812
4552
1268
129
2720
3704
4666
9556
2790
9763
7919
149
1736
6001
3678
724
8728
228
7066
9731
7663
6123
3265
3487
7225
1642
9202
2248
7336
2537
1279
9009
2936
4399
3905
4086
3671
9775
6413
5281
1705
1601
8851
2190
7040
8189
5126
6310
3702
7754
122
411
5989
573
9208
6254
1531
9336
1050
1441
3666
928
7573
8403
7127
5146
3946
4346
1302
4829
9273
8028
5157
877
8948
8146
9374
2058
5911
4479
1227
3335
1496
5456
9058
2440
6528
3489
1983
5454
5642
1316
3135
3743
1867
8298
2472
7053
110
3405
6731
311
5590
9161
6070
8691
927
7436
2738
9698
1420
8092
2890
8390
9660
3927
1960
3098
8514
9237
5169
7739
8500
9723
4468
9068
4243
1240
4961
8700
8351
1901
3571
403
6729
6170
112
3326
8387
5490
8923
5066
9271
5981
4827
9364
5242
5550
980
6489
2762
4734
9599
3368
8496
539
871
2861
5489
4751
683
6903
9367
6122
305
7406
7837
8778
5059
3814
5109
8105
5882
696
3579
9357
7433
3530
592
2988
650
2915
8178
2149
7915
7010
4749
6166
4700
8191
5841
4329
2391
1182
9165
180
7730
6999
9932
780
9785
9146
9300
9585
198
516
2558
2378
8262
3226
6523
7597
4009
6444
3382
2935
4841
4895
8720
8144
8260
231
9615
6303
4203
5764
7199
1026
1256
3430
8459
7434
8087
84
1946
332
6406
6799
1768
2882
5648
6763
3276
6818
613
703
7532
8048
4581
5717
9867
7288
571
9666
9382
2253
7670
1081
8435
3478
5665
9998
4784
5295
889
4260
5241
2216
6458
131
7430
8651
7472
3727
745
677
4582
2797
2848
4188
679
9934
4070
6498
2635
3987
9440
5657
2784
8245
2259
6071
585
1076
1826
3432
9409
2086
3054
5635
4278
8274
1589
4442
7867
2638
5799
3956
9592
2873
8493
2446
826
3938
9862
4741
5594
9520
9645
914
5442
4195
1789
7143
5
2177
3466
3802
1693
9529
3596
9266
1375
5939
5611
8202
3780
7104
1321
2211
6237
8281
7052
6160
2867
4247
8528
2468
8694
1942
7624
9801
1425
7912
2054
2022
7328
3922
888
9178
3184
4037
9505
6696
8881
8977
579
6157
4691
7635
8646
996
1205
4030
4451
3875
8803
410
8301
4806
4396
9984
9861
7123
7084
7270
1887
7647
106
4036
5267
2745
3096
4016
8084
9059
4383
421
9821
3065
5087
3160
4197
4414
1461
2491
3374
1110
1151
1173
1718
3838
3815
9216
1238
3103
6387
2677
2859
9179
2536
2535
6630
3590
7359
9293
1724
6872
1886
9142
9647
8578
7514
5010
5948
6415
9086
3949
326
8817
3772
9119
2721
4276
9789
519
3897
1971
6165
9724
3837
5154
2281
5863
8627
8814
7247
9653
1565
8885
9854
1222
4822
2860
6086
6606
6496
6893
8365
1211
2376
4416
5402
6695
1865
4877
4979
4956
6852
1753
2306
6405
5365
6502
6526
2406
4035
4671
9431
1784
1581
5937
6715
8784
3038
6858
2698
506
3731
374
4632
168
8667
2046
5928
1547
6851
7637
3469
101
1945
2764
6669
3367
6512
3500
6544
9865
623
4025
5060
2585
9894
9685
3879
1700
2485
3079
5369
9335
2901
774
268
1384
503
2444
9922
7134
6897
3200
1162
8793
6111
4082
4386
6326
75
207
6374
6402
1924
1707
3202
9047
2645
1634
5653
3562
2016
18
5333
3221
6145
197
8138
5222
905
3836
5469
1770
8492
8846
9042
4286
2523
7694
1564
5735
5574
2032
3624
3795
1139
4724
7735
8208
1689
147
1761
9842
1013
5183
699
6675
9937
7566
8110
1301
2756
9006
5509
6229
9566
6089
1563
3896
2553
7513
9257
6445
755
8834
4355
1687
5189
7535
1875
2845
1197
6404
8071
3827
5398
4284
3081
1500
7957
4273
6313
8786
8154
162
4194
9649
4108
2179
5092
24
7279
2932
9589
8953
5313
2024
9268
5414
4955
3396
2600
8241
9106
4308
2001
8424
272
5995
8308
1745
5349
9196
4696
9873
2297
3926
20
4384
7815
9285
1522
8060
6059
3291
3490
7
3514
7177
4219
8100
5214
5233
1172
2937
4723
8718
7691
422
4227
4002
8064
9911
690
869
6840
1298
2623
8319
8388
7794
2241
225
5481
8243
1499
5208
8866
4972
9010
4091
2132
7631
6586
9506
2370
2862
4176
6849
4816
8376
529
3409
3390
2500
9958
384
1152
1206
4283
2705
2183
234
2554
1754
2039
9702
7618
7429
6975
9632
6305
5377
3331
9251
2443
1476
7387
3083
4210
1794
5145
5804
3842
2455
7000
9138
7712
7185
7096
513
475
773
5790
3359
5357
3998
4670
8418
1762
4598
7355
8819
4331
352
9334
1412
5011
3742
1855
4113
4800
6732
97
6419
4445
5978
9745
8759
9151
8668
9274
8438
5680
3475
3501
7682
6146
184
3503
3165
8887
6552
2947
2561
3497
5982
4504
250
6236
8731
6309
8101
4855
2524
4508
3869
9183
1320
3947
938
3087
9466
2595
7564
830
4974
5061
9031
5780
419
1815
9111
1630
3786
720
5050
3916
7787
9085
8219
3351
1061
4391
1529
637
5811
2165
4100
7985
1398
3427
3299
146
8842
7859
7562
4432
1058
6394
6300
8513
744
8302
4221
7337
3029
2734
9429
7198
936
9990
4944
6105
7231
3895
7091
948
7236
2809
72
9492
689
7032
5793
814
8580
7929
1155
2589
4591
6850
7729
4994
3277
5963
6201
1828
8622
4014
8638
6262
4262
1597
5628
4450
574
5091
8445
5818
5517
9656
9588
1995
9110
2295
8433
3366
7263
9607
6322
4870
2711
8640
2851
6941
4406
3384
7997
2598
5508
6148
5217
1484
7981
1824
2899
1297
8959
1653
194
6562
7154
7178
8255
8069
1816
7834
6057
8852
7930
1433
9974
3042
9511
988
1910
6022
7076
9795
9341
4000
1428
6890
4458
2510
6362
7988
2361
8031
